700 912
[ 0.0, 0.0, 0.0 ]
[ 0.0, 912.0, 0.0 ]
[ 1.0, 318.0, 0.0 ]
[ 2.0, 411.0, 0.0 ]
[ 2.0, 485.0, 0.0 ]
[ 3.0, 609.0, 0.0 ]
[ 4.0, 544.0, 0.0 ]
[ 5.0, 544.0, 0.0 ]
[ 5.0, 856.0, 0.0 ]
[ 6.0, 699.0, 0.0 ]
[ 6.0, 788.0, 0.0 ]
[ 14.0, 244.0, 0.0 ]
[ 20.0, 304.0, 0.0 ]
[ 41.0, 255.0, 0.0 ]
[ 41.0, 253.0, 0.0 ]
[ 48.0, 289.0, 0.0 ]
[ 48.0, 227.0, 0.0 ]
[ 48.0, 225.0, 0.0 ]
[ 49.0, 292.0, 0.0 ]
[ 49.0, 290.0, 0.0 ]
[ 50.0, 292.0, 0.0 ]
[ 55.0, 313.0, 0.0 ]
[ 57.0, 344.0, 0.0 ]
[ 57.0, 343.0, 0.0 ]
[ 57.0, 342.0, 0.0 ]
[ 57.0, 37.0, 0.0 ]
[ 67.0, 190.0, 0.0 ]
[ 67.0, 188.0, 0.0 ]
[ 68.0, 507.0, 0.0 ]
[ 69.0, 395.0, 0.0 ]
[ 69.0, 487.0, 0.0 ]
[ 71.0, 542.0, 0.0 ]
[ 71.0, 478.0, 0.0 ]
[ 71.0, 477.0, 0.0 ]
[ 71.0, 446.0, 0.0 ]
[ 72.0, 420.0, 0.0 ]
[ 72.0, 419.0, 0.0 ]
[ 72.0, 418.0, 0.0 ]
[ 72.0, 381.0, 0.0 ]
[ 76.0, 513.0, 0.0 ]
[ 76.0, 554.0, 0.0 ]
[ 80.0, 567.0, 0.0 ]
[ 80.0, 463.0, 0.0 ]
[ 81.0, 501.0, 0.0 ]
[ 83.0, 152.0, 0.0 ]
[ 83.0, 151.0, 0.0 ]
[ 83.0, 438.0, 0.0 ]
[ 84.0, 151.0, 0.0 ]
[ 84.0, 423.0, 0.0 ]
[ 86.0, 523.0, 0.0 ]
[ 87.0, 574.0, 0.0 ]
[ 89.0, 495.0, 0.0 ]
[ 90.0, 122.0, 0.0 ]
[ 92.0, 11.0, 0.0 ]
[ 94.0, 432.0, 0.0 ]
[ 97.0, 583.0, 0.0 ]
[ 98.0, 517.0, 0.0 ]
[ 98.0, 508.0, 0.0 ]
[ 108.0, 535.0, 0.0 ]
[ 109.0, 509.0, 0.0 ]
[ 110.0, 464.0, 0.0 ]
[ 111.0, 580.0, 0.0 ]
[ 112.0, 481.0, 0.0 ]
[ 112.0, 562.0, 0.0 ]
[ 114.0, 381.0, 0.0 ]
[ 114.0, 434.0, 0.0 ]
[ 115.0, 619.0, 0.0 ]
[ 120.0, 231.0, 0.0 ]
[ 121.0, 69.0, 0.0 ]
[ 121.0, 638.0, 0.0 ]
[ 122.0, 345.0, 0.0 ]
[ 124.0, 658.0, 0.0 ]
[ 128.0, 290.0, 0.0 ]
[ 130.0, 509.0, 0.0 ]
[ 138.0, 203.0, 0.0 ]
[ 141.0, 685.0, 0.0 ]
[ 141.0, 42.0, 0.0 ]
[ 142.0, 685.0, 0.0 ]
[ 142.0, 42.0, 0.0 ]
[ 142.0, 711.0, 0.0 ]
[ 142.0, 551.0, 0.0 ]
[ 143.0, 593.0, 0.0 ]
[ 147.0, 475.0, 0.0 ]
[ 147.0, 476.0, 0.0 ]
[ 148.0, 747.0, 0.0 ]
[ 148.0, 453.0, 0.0 ]
[ 149.0, 803.0, 0.0 ]
[ 149.0, 282.0, 0.0 ]
[ 150.0, 436.0, 0.0 ]
[ 150.0, 349.0, 0.0 ]
[ 152.0, 775.0, 0.0 ]
[ 153.0, 322.0, 0.0 ]
[ 153.0, 321.0, 0.0 ]
[ 155.0, 810.0, 0.0 ]
[ 155.0, 630.0, 0.0 ]
[ 156.0, 501.0, 0.0 ]
[ 156.0, 700.0, 0.0 ]
[ 157.0, 403.0, 0.0 ]
[ 159.0, 416.0, 0.0 ]
[ 163.0, 167.0, 0.0 ]
[ 163.0, 575.0, 0.0 ]
[ 164.0, 167.0, 0.0 ]
[ 165.0, 719.0, 0.0 ]
[ 167.0, 382.0, 0.0 ]
[ 167.0, 222.0, 0.0 ]
[ 170.0, 6.0, 0.0 ]
[ 170.0, 658.0, 0.0 ]
[ 170.0, 321.0, 0.0 ]
[ 170.0, 320.0, 0.0 ]
[ 172.0, 518.0, 0.0 ]
[ 172.0, 290.0, 0.0 ]
[ 174.0, 397.0, 0.0 ]
[ 176.0, 846.0, 0.0 ]
[ 176.0, 195.0, 0.0 ]
[ 177.0, 440.0, 0.0 ]
[ 181.0, 552.0, 0.0 ]
[ 182.0, 681.0, 0.0 ]
[ 182.0, 552.0, 0.0 ]
[ 183.0, 796.0, 0.0 ]
[ 184.0, 366.0, 0.0 ]
[ 185.0, 431.0, 0.0 ]
[ 185.0, 366.0, 0.0 ]
[ 186.0, 446.0, 0.0 ]
[ 188.0, 757.0, 0.0 ]
[ 192.0, 600.0, 0.0 ]
[ 193.0, 722.0, 0.0 ]
[ 194.0, 243.0, 0.0 ]
[ 194.0, 242.0, 0.0 ]
[ 196.0, 382.0, 0.0 ]
[ 196.0, 834.0, 0.0 ]
[ 197.0, 419.0, 0.0 ]
[ 197.0, 382.0, 0.0 ]
[ 197.0, 461.0, 0.0 ]
[ 197.0, 523.0, 0.0 ]
[ 197.0, 834.0, 0.0 ]
[ 198.0, 131.0, 0.0 ]
[ 198.0, 682.0, 0.0 ]
[ 199.0, 653.0, 0.0 ]
[ 199.0, 748.0, 0.0 ]
[ 199.0, 204.0, 0.0 ]
[ 199.0, 203.0, 0.0 ]
[ 200.0, 429.0, 0.0 ]
[ 201.0, 265.0, 0.0 ]
[ 204.0, 866.0, 0.0 ]
[ 205.0, 335.0, 0.0 ]
[ 206.0, 300.0, 0.0 ]
[ 208.0, 553.0, 0.0 ]
[ 210.0, 3.0, 0.0 ]
[ 210.0, 472.0, 0.0 ]
[ 210.0, 161.0, 0.0 ]
[ 212.0, 575.0, 0.0 ]
[ 214.0, 359.0, 0.0 ]
[ 214.0, 436.0, 0.0 ]
[ 215.0, 768.0, 0.0 ]
[ 215.0, 605.0, 0.0 ]
[ 216.0, 508.0, 0.0 ]
[ 217.0, 792.0, 0.0 ]
[ 218.0, 787.0, 0.0 ]
[ 220.0, 850.0, 0.0 ]
[ 221.0, 123.0, 0.0 ]
[ 221.0, 124.0, 0.0 ]
[ 222.0, 422.0, 0.0 ]
[ 224.0, 197.0, 0.0 ]
[ 225.0, 431.0, 0.0 ]
[ 225.0, 36.0, 0.0 ]
[ 226.0, 197.0, 0.0 ]
[ 227.0, 408.0, 0.0 ]
[ 227.0, 618.0, 0.0 ]
[ 227.0, 758.0, 0.0 ]
[ 227.0, 196.0, 0.0 ]
[ 228.0, 196.0, 0.0 ]
[ 229.0, 519.0, 0.0 ]
[ 229.0, 727.0, 0.0 ]
[ 229.0, 195.0, 0.0 ]
[ 230.0, 692.0, 0.0 ]
[ 230.0, 195.0, 0.0 ]
[ 231.0, 195.0, 0.0 ]
[ 231.0, 545.0, 0.0 ]
[ 233.0, 139.0, 0.0 ]
[ 233.0, 813.0, 0.0 ]
[ 233.0, 496.0, 0.0 ]
[ 233.0, 230.0, 0.0 ]
[ 234.0, 258.0, 0.0 ]
[ 234.0, 442.0, 0.0 ]
[ 234.0, 441.0, 0.0 ]
[ 237.0, 810.0, 0.0 ]
[ 238.0, 656.0, 0.0 ]
[ 239.0, 769.0, 0.0 ]
[ 239.0, 375.0, 0.0 ]
[ 239.0, 421.0, 0.0 ]
[ 240.0, 884.0, 0.0 ]
[ 243.0, 591.0, 0.0 ]
[ 243.0, 427.0, 0.0 ]
[ 244.0, 353.0, 0.0 ]
[ 244.0, 289.0, 0.0 ]
[ 245.0, 835.0, 0.0 ]
[ 245.0, 419.0, 0.0 ]
[ 246.0, 471.0, 0.0 ]
[ 246.0, 416.0, 0.0 ]
[ 247.0, 438.0, 0.0 ]
[ 249.0, 564.0, 0.0 ]
[ 249.0, 660.0, 0.0 ]
[ 250.0, 183.0, 0.0 ]
[ 250.0, 317.0, 0.0 ]
[ 251.0, 407.0, 0.0 ]
[ 251.0, 495.0, 0.0 ]
[ 253.0, 437.0, 0.0 ]
[ 254.0, 664.0, 0.0 ]
[ 255.0, 482.0, 0.0 ]
[ 255.0, 644.0, 0.0 ]
[ 255.0, 652.0, 0.0 ]
[ 256.0, 581.0, 0.0 ]
[ 257.0, 620.0, 0.0 ]
[ 257.0, 759.0, 0.0 ]
[ 259.0, 157.0, 0.0 ]
[ 259.0, 430.0, 0.0 ]
[ 260.0, 157.0, 0.0 ]
[ 262.0, 857.0, 0.0 ]
[ 263.0, 135.0, 0.0 ]
[ 263.0, 820.0, 0.0 ]
[ 264.0, 421.0, 0.0 ]
[ 265.0, 707.0, 0.0 ]
[ 266.0, 561.0, 0.0 ]
[ 267.0, 459.0, 0.0 ]
[ 268.0, 540.0, 0.0 ]
[ 268.0, 671.0, 0.0 ]
[ 268.0, 670.0, 0.0 ]
[ 268.0, 738.0, 0.0 ]
[ 268.0, 38.0, 0.0 ]
[ 269.0, 790.0, 0.0 ]
[ 272.0, 360.0, 0.0 ]
[ 272.0, 556.0, 0.0 ]
[ 274.0, 413.0, 0.0 ]
[ 274.0, 911.0, 0.0 ]
[ 275.0, 166.0, 0.0 ]
[ 275.0, 620.0, 0.0 ]
[ 276.0, 653.0, 0.0 ]
[ 277.0, 379.0, 0.0 ]
[ 277.0, 592.0, 0.0 ]
[ 277.0, 432.0, 0.0 ]
[ 279.0, 902.0, 0.0 ]
[ 279.0, 903.0, 0.0 ]
[ 279.0, 479.0, 0.0 ]
[ 279.0, 545.0, 0.0 ]
[ 279.0, 565.0, 0.0 ]
[ 281.0, 459.0, 0.0 ]
[ 281.0, 262.0, 0.0 ]
[ 282.0, 799.0, 0.0 ]
[ 284.0, 652.0, 0.0 ]
[ 284.0, 571.0, 0.0 ]
[ 285.0, 678.0, 0.0 ]
[ 286.0, 865.0, 0.0 ]
[ 286.0, 423.0, 0.0 ]
[ 286.0, 442.0, 0.0 ]
[ 286.0, 678.0, 0.0 ]
[ 286.0, 773.0, 0.0 ]
[ 287.0, 865.0, 0.0 ]
[ 288.0, 826.0, 0.0 ]
[ 288.0, 521.0, 0.0 ]
[ 288.0, 227.0, 0.0 ]
[ 289.0, 370.0, 0.0 ]
[ 289.0, 573.0, 0.0 ]
[ 289.0, 286.0, 0.0 ]
[ 290.0, 718.0, 0.0 ]
[ 292.0, 654.0, 0.0 ]
[ 293.0, 802.0, 0.0 ]
[ 293.0, 745.0, 0.0 ]
[ 294.0, 813.0, 0.0 ]
[ 294.0, 604.0, 0.0 ]
[ 297.0, 428.0, 0.0 ]
[ 298.0, 493.0, 0.0 ]
[ 298.0, 193.0, 0.0 ]
[ 301.0, 794.0, 0.0 ]
[ 302.0, 837.0, 0.0 ]
[ 302.0, 472.0, 0.0 ]
[ 306.0, 821.0, 0.0 ]
[ 306.0, 418.0, 0.0 ]
[ 307.0, 401.0, 0.0 ]
[ 307.0, 536.0, 0.0 ]
[ 307.0, 566.0, 0.0 ]
[ 307.0, 653.0, 0.0 ]
[ 308.0, 153.0, 0.0 ]
[ 309.0, 903.0, 0.0 ]
[ 309.0, 267.0, 0.0 ]
[ 310.0, 852.0, 0.0 ]
[ 310.0, 504.0, 0.0 ]
[ 310.0, 370.0, 0.0 ]
[ 312.0, 592.0, 0.0 ]
[ 314.0, 865.0, 0.0 ]
[ 314.0, 558.0, 0.0 ]
[ 315.0, 683.0, 0.0 ]
[ 316.0, 575.0, 0.0 ]
[ 316.0, 892.0, 0.0 ]
[ 317.0, 892.0, 0.0 ]
[ 317.0, 643.0, 0.0 ]
[ 319.0, 568.0, 0.0 ]
[ 319.0, 100.0, 0.0 ]
[ 321.0, 423.0, 0.0 ]
[ 321.0, 393.0, 0.0 ]
[ 321.0, 657.0, 0.0 ]
[ 321.0, 541.0, 0.0 ]
[ 322.0, 837.0, 0.0 ]
[ 322.0, 493.0, 0.0 ]
[ 323.0, 493.0, 0.0 ]
[ 324.0, 451.0, 0.0 ]
[ 324.0, 595.0, 0.0 ]
[ 325.0, 757.0, 0.0 ]
[ 325.0, 319.0, 0.0 ]
[ 325.0, 318.0, 0.0 ]
[ 326.0, 757.0, 0.0 ]
[ 327.0, 757.0, 0.0 ]
[ 327.0, 17.0, 0.0 ]
[ 328.0, 475.0, 0.0 ]
[ 328.0, 704.0, 0.0 ]
[ 328.0, 757.0, 0.0 ]
[ 329.0, 757.0, 0.0 ]
[ 330.0, 858.0, 0.0 ]
[ 330.0, 608.0, 0.0 ]
[ 330.0, 653.0, 0.0 ]
[ 331.0, 858.0, 0.0 ]
[ 331.0, 575.0, 0.0 ]
[ 334.0, 296.0, 0.0 ]
[ 334.0, 649.0, 0.0 ]
[ 336.0, 505.0, 0.0 ]
[ 338.0, 566.0, 0.0 ]
[ 338.0, 346.0, 0.0 ]
[ 338.0, 558.0, 0.0 ]
[ 340.0, 837.0, 0.0 ]
[ 341.0, 792.0, 0.0 ]
[ 341.0, 837.0, 0.0 ]
[ 341.0, 133.0, 0.0 ]
[ 342.0, 229.0, 0.0 ]
[ 343.0, 837.0, 0.0 ]
[ 343.0, 616.0, 0.0 ]
[ 344.0, 659.0, 0.0 ]
[ 344.0, 879.0, 0.0 ]
[ 345.0, 387.0, 0.0 ]
[ 345.0, 576.0, 0.0 ]
[ 347.0, 688.0, 0.0 ]
[ 348.0, 149.0, 0.0 ]
[ 348.0, 688.0, 0.0 ]
[ 353.0, 852.0, 0.0 ]
[ 353.0, 649.0, 0.0 ]
[ 354.0, 754.0, 0.0 ]
[ 354.0, 263.0, 0.0 ]
[ 355.0, 910.0, 0.0 ]
[ 356.0, 188.0, 0.0 ]
[ 357.0, 889.0, 0.0 ]
[ 358.0, 703.0, 0.0 ]
[ 358.0, 652.0, 0.0 ]
[ 358.0, 550.0, 0.0 ]
[ 359.0, 830.0, 0.0 ]
[ 359.0, 703.0, 0.0 ]
[ 362.0, 867.0, 0.0 ]
[ 363.0, 612.0, 0.0 ]
[ 363.0, 642.0, 0.0 ]
[ 363.0, 659.0, 0.0 ]
[ 363.0, 575.0, 0.0 ]
[ 366.0, 837.0, 0.0 ]
[ 366.0, 342.0, 0.0 ]
[ 367.0, 596.0, 0.0 ]
[ 367.0, 513.0, 0.0 ]
[ 368.0, 561.0, 0.0 ]
[ 368.0, 513.0, 0.0 ]
[ 371.0, 816.0, 0.0 ]
[ 373.0, 440.0, 0.0 ]
[ 373.0, 464.0, 0.0 ]
[ 373.0, 571.0, 0.0 ]
[ 374.0, 484.0, 0.0 ]
[ 375.0, 293.0, 0.0 ]
[ 375.0, 400.0, 0.0 ]
[ 375.0, 399.0, 0.0 ]
[ 376.0, 589.0, 0.0 ]
[ 376.0, 681.0, 0.0 ]
[ 377.0, 292.0, 0.0 ]
[ 378.0, 504.0, 0.0 ]
[ 378.0, 647.0, 0.0 ]
[ 379.0, 752.0, 0.0 ]
[ 380.0, 420.0, 0.0 ]
[ 380.0, 752.0, 0.0 ]
[ 380.0, 652.0, 0.0 ]
[ 381.0, 400.0, 0.0 ]
[ 383.0, 821.0, 0.0 ]
[ 383.0, 799.0, 0.0 ]
[ 383.0, 531.0, 0.0 ]
[ 383.0, 573.0, 0.0 ]
[ 384.0, 607.0, 0.0 ]
[ 384.0, 868.0, 0.0 ]
[ 384.0, 842.0, 0.0 ]
[ 385.0, 149.0, 0.0 ]
[ 385.0, 793.0, 0.0 ]
[ 386.0, 823.0, 0.0 ]
[ 386.0, 657.0, 0.0 ]
[ 388.0, 387.0, 0.0 ]
[ 388.0, 373.0, 0.0 ]
[ 389.0, 387.0, 0.0 ]
[ 389.0, 710.0, 0.0 ]
[ 389.0, 324.0, 0.0 ]
[ 390.0, 710.0, 0.0 ]
[ 390.0, 445.0, 0.0 ]
[ 391.0, 799.0, 0.0 ]
[ 391.0, 710.0, 0.0 ]
[ 391.0, 469.0, 0.0 ]
[ 391.0, 564.0, 0.0 ]
[ 392.0, 710.0, 0.0 ]
[ 392.0, 445.0, 0.0 ]
[ 392.0, 573.0, 0.0 ]
[ 394.0, 103.0, 0.0 ]
[ 394.0, 38.0, 0.0 ]
[ 395.0, 897.0, 0.0 ]
[ 395.0, 228.0, 0.0 ]
[ 397.0, 897.0, 0.0 ]
[ 397.0, 501.0, 0.0 ]
[ 398.0, 522.0, 0.0 ]
[ 399.0, 430.0, 0.0 ]
[ 400.0, 656.0, 0.0 ]
[ 401.0, 743.0, 0.0 ]
[ 401.0, 506.0, 0.0 ]
[ 403.0, 609.0, 0.0 ]
[ 403.0, 650.0, 0.0 ]
[ 404.0, 650.0, 0.0 ]
[ 406.0, 383.0, 0.0 ]
[ 406.0, 840.0, 0.0 ]
[ 407.0, 137.0, 0.0 ]
[ 407.0, 136.0, 0.0 ]
[ 407.0, 768.0, 0.0 ]
[ 408.0, 671.0, 0.0 ]
[ 408.0, 538.0, 0.0 ]
[ 408.0, 537.0, 0.0 ]
[ 408.0, 524.0, 0.0 ]
[ 408.0, 451.0, 0.0 ]
[ 409.0, 364.0, 0.0 ]
[ 409.0, 257.0, 0.0 ]
[ 409.0, 564.0, 0.0 ]
[ 410.0, 257.0, 0.0 ]
[ 411.0, 728.0, 0.0 ]
[ 411.0, 26.0, 0.0 ]
[ 413.0, 417.0, 0.0 ]
[ 413.0, 416.0, 0.0 ]
[ 413.0, 648.0, 0.0 ]
[ 414.0, 502.0, 0.0 ]
[ 415.0, 287.0, 0.0 ]
[ 415.0, 464.0, 0.0 ]
[ 416.0, 859.0, 0.0 ]
[ 417.0, 554.0, 0.0 ]
[ 417.0, 430.0, 0.0 ]
[ 419.0, 787.0, 0.0 ]
[ 419.0, 379.0, 0.0 ]
[ 419.0, 538.0, 0.0 ]
[ 420.0, 110.0, 0.0 ]
[ 420.0, 379.0, 0.0 ]
[ 420.0, 612.0, 0.0 ]
[ 420.0, 196.0, 0.0 ]
[ 420.0, 697.0, 0.0 ]
[ 421.0, 158.0, 0.0 ]
[ 421.0, 78.0, 0.0 ]
[ 425.0, 813.0, 0.0 ]
[ 425.0, 831.0, 0.0 ]
[ 425.0, 434.0, 0.0 ]
[ 425.0, 642.0, 0.0 ]
[ 426.0, 647.0, 0.0 ]
[ 427.0, 831.0, 0.0 ]
[ 429.0, 556.0, 0.0 ]
[ 430.0, 882.0, 0.0 ]
[ 430.0, 457.0, 0.0 ]
[ 431.0, 882.0, 0.0 ]
[ 431.0, 665.0, 0.0 ]
[ 431.0, 419.0, 0.0 ]
[ 432.0, 665.0, 0.0 ]
[ 432.0, 419.0, 0.0 ]
[ 432.0, 761.0, 0.0 ]
[ 434.0, 317.0, 0.0 ]
[ 434.0, 426.0, 0.0 ]
[ 434.0, 487.0, 0.0 ]
[ 435.0, 773.0, 0.0 ]
[ 435.0, 626.0, 0.0 ]
[ 435.0, 627.0, 0.0 ]
[ 435.0, 361.0, 0.0 ]
[ 435.0, 847.0, 0.0 ]
[ 436.0, 627.0, 0.0 ]
[ 436.0, 575.0, 0.0 ]
[ 437.0, 407.0, 0.0 ]
[ 438.0, 658.0, 0.0 ]
[ 438.0, 438.0, 0.0 ]
[ 439.0, 642.0, 0.0 ]
[ 439.0, 533.0, 0.0 ]
[ 440.0, 566.0, 0.0 ]
[ 443.0, 184.0, 0.0 ]
[ 444.0, 794.0, 0.0 ]
[ 444.0, 437.0, 0.0 ]
[ 445.0, 794.0, 0.0 ]
[ 446.0, 794.0, 0.0 ]
[ 446.0, 793.0, 0.0 ]
[ 447.0, 793.0, 0.0 ]
[ 447.0, 809.0, 0.0 ]
[ 447.0, 255.0, 0.0 ]
[ 447.0, 682.0, 0.0 ]
[ 448.0, 255.0, 0.0 ]
[ 448.0, 424.0, 0.0 ]
[ 448.0, 417.0, 0.0 ]
[ 449.0, 360.0, 0.0 ]
[ 449.0, 383.0, 0.0 ]
[ 450.0, 232.0, 0.0 ]
[ 450.0, 724.0, 0.0 ]
[ 451.0, 586.0, 0.0 ]
[ 455.0, 773.0, 0.0 ]
[ 455.0, 2.0, 0.0 ]
[ 455.0, 439.0, 0.0 ]
[ 455.0, 424.0, 0.0 ]
[ 455.0, 418.0, 0.0 ]
[ 456.0, 833.0, 0.0 ]
[ 457.0, 833.0, 0.0 ]
[ 459.0, 467.0, 0.0 ]
[ 460.0, 195.0, 0.0 ]
[ 460.0, 90.0, 0.0 ]
[ 460.0, 756.0, 0.0 ]
[ 461.0, 293.0, 0.0 ]
[ 462.0, 850.0, 0.0 ]
[ 462.0, 45.0, 0.0 ]
[ 463.0, 493.0, 0.0 ]
[ 466.0, 868.0, 0.0 ]
[ 466.0, 410.0, 0.0 ]
[ 467.0, 580.0, 0.0 ]
[ 468.0, 775.0, 0.0 ]
[ 468.0, 598.0, 0.0 ]
[ 470.0, 437.0, 0.0 ]
[ 470.0, 430.0, 0.0 ]
[ 470.0, 553.0, 0.0 ]
[ 473.0, 788.0, 0.0 ]
[ 473.0, 567.0, 0.0 ]
[ 473.0, 566.0, 0.0 ]
[ 474.0, 421.0, 0.0 ]
[ 474.0, 745.0, 0.0 ]
[ 478.0, 363.0, 0.0 ]
[ 478.0, 631.0, 0.0 ]
[ 479.0, 501.0, 0.0 ]
[ 480.0, 713.0, 0.0 ]
[ 481.0, 768.0, 0.0 ]
[ 482.0, 432.0, 0.0 ]
[ 483.0, 803.0, 0.0 ]
[ 484.0, 214.0, 0.0 ]
[ 485.0, 214.0, 0.0 ]
[ 485.0, 669.0, 0.0 ]
[ 485.0, 823.0, 0.0 ]
[ 486.0, 181.0, 0.0 ]
[ 486.0, 271.0, 0.0 ]
[ 486.0, 323.0, 0.0 ]
[ 486.0, 426.0, 0.0 ]
[ 487.0, 391.0, 0.0 ]
[ 488.0, 472.0, 0.0 ]
[ 488.0, 578.0, 0.0 ]
[ 489.0, 421.0, 0.0 ]
[ 492.0, 839.0, 0.0 ]
[ 492.0, 240.0, 0.0 ]
[ 495.0, 550.0, 0.0 ]
[ 497.0, 744.0, 0.0 ]
[ 499.0, 150.0, 0.0 ]
[ 501.0, 305.0, 0.0 ]
[ 501.0, 759.0, 0.0 ]
[ 502.0, 523.0, 0.0 ]
[ 503.0, 457.0, 0.0 ]
[ 504.0, 31.0, 0.0 ]
[ 504.0, 375.0, 0.0 ]
[ 505.0, 434.0, 0.0 ]
[ 505.0, 673.0, 0.0 ]
[ 506.0, 405.0, 0.0 ]
[ 508.0, 445.0, 0.0 ]
[ 509.0, 125.0, 0.0 ]
[ 509.0, 797.0, 0.0 ]
[ 511.0, 223.0, 0.0 ]
[ 511.0, 348.0, 0.0 ]
[ 514.0, 719.0, 0.0 ]
[ 515.0, 627.0, 0.0 ]
[ 516.0, 521.0, 0.0 ]
[ 516.0, 32.0, 0.0 ]
[ 517.0, 807.0, 0.0 ]
[ 518.0, 445.0, 0.0 ]
[ 522.0, 157.0, 0.0 ]
[ 522.0, 685.0, 0.0 ]
[ 524.0, 74.0, 0.0 ]
[ 526.0, 393.0, 0.0 ]
[ 526.0, 413.0, 0.0 ]
[ 526.0, 297.0, 0.0 ]
[ 527.0, 753.0, 0.0 ]
[ 527.0, 779.0, 0.0 ]
[ 529.0, 790.0, 0.0 ]
[ 529.0, 332.0, 0.0 ]
[ 529.0, 192.0, 0.0 ]
[ 530.0, 581.0, 0.0 ]
[ 532.0, 242.0, 0.0 ]
[ 532.0, 108.0, 0.0 ]
[ 533.0, 729.0, 0.0 ]
[ 534.0, 270.0, 0.0 ]
[ 534.0, 242.0, 0.0 ]
[ 534.0, 241.0, 0.0 ]
[ 534.0, 240.0, 0.0 ]
[ 536.0, 493.0, 0.0 ]
[ 536.0, 645.0, 0.0 ]
[ 537.0, 698.0, 0.0 ]
[ 538.0, 355.0, 0.0 ]
[ 542.0, 705.0, 0.0 ]
[ 544.0, 459.0, 0.0 ]
[ 544.0, 583.0, 0.0 ]
[ 546.0, 185.0, 0.0 ]
[ 547.0, 688.0, 0.0 ]
[ 547.0, 800.0, 0.0 ]
[ 549.0, 324.0, 0.0 ]
[ 552.0, 221.0, 0.0 ]
[ 555.0, 533.0, 0.0 ]
[ 556.0, 672.0, 0.0 ]
[ 557.0, 388.0, 0.0 ]
[ 559.0, 659.0, 0.0 ]
[ 559.0, 65.0, 0.0 ]
[ 560.0, 300.0, 0.0 ]
[ 560.0, 65.0, 0.0 ]
[ 565.0, 497.0, 0.0 ]
[ 566.0, 211.0, 0.0 ]
[ 567.0, 632.0, 0.0 ]
[ 568.0, 348.0, 0.0 ]
[ 568.0, 98.0, 0.0 ]
[ 569.0, 280.0, 0.0 ]
[ 570.0, 391.0, 0.0 ]
[ 572.0, 310.0, 0.0 ]
[ 574.0, 613.0, 0.0 ]
[ 575.0, 805.0, 0.0 ]
[ 576.0, 253.0, 0.0 ]
[ 577.0, 595.0, 0.0 ]
[ 579.0, 232.0, 0.0 ]
[ 579.0, 456.0, 0.0 ]
[ 580.0, 564.0, 0.0 ]
[ 581.0, 520.0, 0.0 ]
[ 583.0, 421.0, 0.0 ]
[ 583.0, 484.0, 0.0 ]
[ 583.0, 137.0, 0.0 ]
[ 590.0, 453.0, 0.0 ]
[ 590.0, 556.0, 0.0 ]
[ 592.0, 475.0, 0.0 ]
[ 592.0, 178.0, 0.0 ]
[ 593.0, 508.0, 0.0 ]
[ 594.0, 508.0, 0.0 ]
[ 595.0, 494.0, 0.0 ]
[ 596.0, 600.0, 0.0 ]
[ 596.0, 524.0, 0.0 ]
[ 598.0, 408.0, 0.0 ]
[ 602.0, 815.0, 0.0 ]
[ 606.0, 545.0, 0.0 ]
[ 606.0, 375.0, 0.0 ]
[ 607.0, 423.0, 0.0 ]
[ 608.0, 466.0, 0.0 ]
[ 608.0, 465.0, 0.0 ]
[ 610.0, 512.0, 0.0 ]
[ 612.0, 581.0, 0.0 ]
[ 614.0, 339.0, 0.0 ]
[ 618.0, 486.0, 0.0 ]
[ 619.0, 442.0, 0.0 ]
[ 619.0, 422.0, 0.0 ]
[ 623.0, 552.0, 0.0 ]
[ 623.0, 196.0, 0.0 ]
[ 624.0, 131.0, 0.0 ]
[ 624.0, 403.0, 0.0 ]
[ 624.0, 196.0, 0.0 ]
[ 624.0, 292.0, 0.0 ]
[ 626.0, 468.0, 0.0 ]
[ 629.0, 524.0, 0.0 ]
[ 634.0, 385.0, 0.0 ]
[ 634.0, 243.0, 0.0 ]
[ 638.0, 834.0, 0.0 ]
[ 639.0, 493.0, 0.0 ]
[ 643.0, 165.0, 0.0 ]
[ 646.0, 464.0, 0.0 ]
[ 647.0, 370.0, 0.0 ]
[ 647.0, 405.0, 0.0 ]
[ 650.0, 434.0, 0.0 ]
[ 658.0, 850.0, 0.0 ]
[ 661.0, 217.0, 0.0 ]
[ 661.0, 218.0, 0.0 ]
[ 664.0, 340.0, 0.0 ]
[ 667.0, 864.0, 0.0 ]
[ 675.0, 266.0, 0.0 ]
[ 676.0, 876.0, 0.0 ]
[ 677.0, 309.0, 0.0 ]
[ 677.0, 876.0, 0.0 ]
[ 693.0, 680.0, 0.0 ]
[ 694.0, 353.0, 0.0 ]
[ 698.0, 798.0, 0.0 ]
[ 698.0, 600.0, 0.0 ]
[ 698.0, 293.0, 0.0 ]
[ 699.0, 486.0, 0.0 ]
[ 700.0, 0.0, 0.0 ]
[ 698.0, 909.0, 0.0 ]
[ 572.0, 911.0, 0.0 ]
[ 534.0, 860.0, 0.0 ]
[ 450.0, 900.0, 0.0 ]
[ 615.0, 870.0, 0.0 ]
[ 128.0, 826.0, 0.0 ]
[ 70.0, 848.0, 0.0 ]
[ 12.0, 885.0, 0.0 ]
[ 148.0, 864.0, 0.0 ]
[ 67.0, 890.0, 0.0 ]
[ 122.0, 910.0, 0.0 ]
[ 226.0, 906.0, 0.0 ]
[ 444.0, 909.0, 0.0 ]
[ 377.0, 346.0, 0.0 ]
